   7.5266730e+00
   8.2097975e-01
  -4.1919305e+00
  -6.5350553e+00
  -7.0529278e+00
  -7.1333647e+00
  -7.4784376e+00
  -6.6611775e+00
  -1.5851682e+00
   9.0818055e+00
   2.3605721e+01
   3.8878069e+01
   5.2191482e+01
   5.9505562e+01
   5.7331571e+01
   4.6020082e+01
   2.7139252e+01
   4.7539122e+00
  -1.8079296e+01
  -3.7326478e+01
  -5.0501192e+01
  -5.4595386e+01
  -4.9207044e+01
  -3.6058362e+01
  -1.6156308e+01
   7.1676220e+00
   2.8554308e+01
   4.3777628e+01
   5.0606323e+01
   4.7534283e+01
   3.5333267e+01
   1.7728409e+01
   1.3756654e-01
  -1.2401056e+01
  -1.6553381e+01
  -1.1278425e+01
   2.2019558e+00
   2.0069618e+01
   3.8177467e+01
   5.0780858e+01
   5.3432268e+01
   4.3862759e+01
   2.3193635e+01
  -4.3196692e+00
  -3.1877008e+01
  -5.2846623e+01
  -6.2259099e+01
  -5.7800744e+01
  -4.0997126e+01
  -1.7661882e+01
   4.9811116e+00
   2.0294983e+01
   2.4098592e+01
   1.6301706e+01
   7.1505515e-01
  -1.6799013e+01
  -3.0833512e+01
  -3.6737799e+01
  -3.3682137e+01
  -2.6122436e+01
  -1.8662359e+01
  -1.3950366e+01
  -1.4816128e+01
  -2.2720936e+01
  -3.6183607e+01
  -5.0585102e+01
  -6.1900575e+01
  -6.7751515e+01
  -6.6374227e+01
  -5.6251108e+01
  -3.7164266e+01
  -1.2038551e+01
   1.5114077e+01
   3.9466274e+01
   5.7568887e+01
   6.6259624e+01
   6.4449642e+01
   5.1140289e+01
   2.7291017e+01
  -3.2801871e+00
  -3.6049425e+01
  -6.4954620e+01
  -8.4352135e+01
  -8.9922423e+01
  -8.0720215e+01
  -5.6066099e+01
  -1.9336810e+01
   2.2764117e+01
   6.2917789e+01
   9.4061882e+01
   1.1041267e+02
   1.0922899e+02
   8.9584045e+01
   5.4463549e+01
   9.2640009e+00
  -3.8146674e+01
  -8.0168084e+01
  -1.0992852e+02
  -1.2452825e+02
  -1.2319164e+02
  -1.0797824e+02
  -8.2497385e+01
  -5.0211094e+01
  -1.5488387e+01
   1.7569265e+01
   4.4750565e+01
   6.5512953e+01
   8.0613189e+01
   8.9622683e+01
   9.1863541e+01
   8.7701524e+01
   7.8101546e+01
   6.4717438e+01
   4.8514144e+01
   3.0871569e+01
   1.5327752e+01
   3.6381548e+00
  -3.9301548e+00
  -8.8943932e+00
  -1.3264811e+01
  -1.8640066e+01
  -2.3768732e+01
  -2.8180354e+01
  -2.9650229e+01
  -2.6342441e+01
  -1.7426917e+01
  -4.4636400e+00
   8.1255258e+00
   1.6010458e+01
   1.5753011e+01
   7.2956398e+00
  -5.3652890e+00
  -1.7104748e+01
  -2.3390480e+01
  -2.1473024e+01
  -1.1906066e+01
   2.1446066e+00
   1.6799311e+01
   2.8888026e+01
   3.5187286e+01
   3.3440932e+01
   2.4273274e+01
   9.8025800e+00
  -8.2596086e+00
  -2.8276164e+01
  -4.7469031e+01
  -6.2143059e+01
  -6.7933757e+01
  -6.2045780e+01
  -4.5189559e+01
  -1.9637997e+01
   9.3442093e+00
   3.5632004e+01
   5.3675423e+01
   5.9849223e+01
   5.2313916e+01
   3.2709903e+01
   4.7365915e+00
  -2.4811254e+01
  -4.8933435e+01
  -6.1209688e+01
  -5.7628700e+01
  -3.9012597e+01
  -9.4260956e+00
   2.4588960e+01
   5.4279009e+01
   7.2392296e+01
   7.5568037e+01
   6.3529161e+01
   3.7766704e+01
   2.7481315e+00
  -3.3552536e+01
  -6.1738799e+01
  -7.4451324e+01
  -7.0560329e+01
  -5.2253523e+01
  -2.4939643e+01
   5.1558891e+00
   3.2254381e+01
   5.1982997e+01
   6.3081192e+01
   6.6435560e+01
   6.4261343e+01
   5.9166026e+01
   5.3908759e+01
   4.8856425e+01
   4.2081940e+01
   3.2854267e+01
   2.0795281e+01
   6.3471331e+00
  -8.9153732e+00
  -2.4598015e+01
  -3.8048883e+01
  -4.9574720e+01
  -5.7963662e+01
  -6.1618797e+01
  -5.8117199e+01
  -4.7066836e+01
  -3.0188744e+01
  -1.0216864e+01
   1.0405732e+01
   2.9136717e+01
   4.4138062e+01
   5.3701368e+01
   5.8376446e+01
   5.9506872e+01
   5.7316035e+01
   5.2073649e+01
   4.4018746e+01
   3.4091642e+01
   2.1932135e+01
   6.5823936e+00
  -1.2314453e+01
  -3.4038495e+01
  -5.5187833e+01
  -7.2982509e+01
  -8.3871753e+01
  -8.4927806e+01
  -7.5159594e+01
  -5.7389216e+01
  -3.4854226e+01
  -1.1646358e+01
   8.2769562e+00
   2.1937863e+01
   2.8839140e+01
   2.8615743e+01
   2.2850713e+01
   1.1404462e+01
  -1.6575418e+00
  -1.2128082e+01
  -1.7755242e+01
  -1.9460161e+01
  -1.8073860e+01
  -1.3322440e+01
  -7.2456306e+00
  -1.3089158e+00
   3.0475288e+00
   6.7005496e+00
   1.1523639e+01
   1.8918115e+01
   2.9561201e+01
   4.0747876e+01
   4.9288407e+01
   5.2918242e+01
   5.0583208e+01
   4.2275084e+01
   2.9644585e+01
   1.5543873e+01
   8.8106604e-01
  -1.3080414e+01
  -2.6068474e+01
  -3.6354601e+01
  -4.3457436e+01
  -4.7886489e+01
  -5.0649591e+01
  -5.2040258e+01
  -5.1194694e+01
  -4.6670657e+01
  -3.5269510e+01
  -1.6524203e+01
   7.5794845e+00
   3.3599778e+01
   5.7218016e+01
   7.4741235e+01
   8.2037449e+01
   7.6979135e+01
   6.0522841e+01
   3.4567943e+01
   2.3510773e+00
  -3.3067462e+01
  -6.7032774e+01
  -9.6092167e+01
  -1.1585305e+02
  -1.2364283e+02
  -1.1877339e+02
  -1.0211321e+02
  -7.7523726e+01
  -5.0263986e+01
  -2.6557768e+01
  -8.9005550e+00
   2.9816905e+00
   1.0633403e+01
   1.6035343e+01
   2.0929837e+01
   2.7544160e+01
   3.5919475e+01
   4.4909017e+01
   5.2526448e+01
   5.4724004e+01
   4.8632411e+01
   3.4370491e+01
   1.2705222e+01
  -1.2894595e+01
  -4.0441018e+01
  -6.7459202e+01
  -9.1329474e+01
  -1.0850457e+02
  -1.1444861e+02
  -1.0662318e+02
  -8.6083198e+01
  -5.5365765e+01
  -1.8828304e+01
   1.7442475e+01
   4.9204801e+01
   7.4945717e+01
   9.2420863e+01
   9.9717480e+01
   9.6251761e+01
   8.4555263e+01
   6.6837552e+01
   4.5686247e+01
   2.2719714e+01
  -7.6914611e-01
  -2.1886151e+01
  -3.9333820e+01
  -5.3309440e+01
  -6.3564020e+01
  -7.1303579e+01
  -7.7052227e+01
  -8.0378274e+01
  -8.0208747e+01
  -7.4321902e+01
  -6.2833387e+01
  -4.6649984e+01
  -2.6389642e+01
  -4.7844334e+00
   1.5838148e+01
   3.3568515e+01
   4.5439184e+01
   4.8757376e+01
   4.3405878e+01
   3.0998938e+01
   1.4485240e+01
  -1.6627396e+00
  -1.5822446e+01
  -2.4765910e+01
  -2.7385441e+01
  -2.5279709e+01
  -2.0848131e+01
  -1.6084357e+01
  -1.2645742e+01
  -1.1525473e+01
  -1.2364184e+01
  -1.2874994e+01
  -1.1208487e+01
  -4.8382109e+00
   7.2177444e+00
   2.2534497e+01
   3.6609603e+01
   4.4733106e+01
   4.4143105e+01
   3.5464928e+01
   2.3390892e+01
   1.1918994e+01
   3.8460172e+00
   6.6989388e-01
   2.0793017e+00
   5.7651334e+00
   8.0289049e+00
   6.7103933e+00
  -1.1101236e-01
  -1.0403805e+01
  -1.9124643e+01
  -2.1374442e+01
  -1.4798049e+01
   5.1046107e-01
   2.0919756e+01
   4.1472417e+01
   5.7147178e+01
   6.3245722e+01
   5.6915944e+01
   3.8172483e+01
   1.0218061e+01
  -2.1088642e+01
  -5.1038786e+01
  -7.4318542e+01
  -8.7737230e+01
  -8.9767933e+01
  -8.0953075e+01
  -6.3989397e+01
  -4.2676352e+01
  -2.2131552e+01
  -7.2520974e+00
   2.2482260e-01
   1.6382177e+00
  -5.4078668e-01
  -3.7832422e+00
  -6.7351905e+00
  -5.6038229e+00
   8.3871217e-01
   1.1841840e+01
   2.4950200e+01
   3.6123673e+01
   4.1208443e+01
   4.0028502e+01
   3.3744638e+01
   2.4864744e+01
   1.5731520e+01
   8.4025362e+00
   4.0560022e+00
   1.4435793e+00
  -1.7012646e+00
  -7.0919497e+00
  -1.5383756e+01
  -2.6125762e+01
  -3.8556070e+01
  -4.8965426e+01
  -5.3972100e+01
  -5.1918202e+01
  -4.2810164e+01
  -2.7431603e+01
  -9.4885820e+00
   6.2946054e+00
   1.7418288e+01
   2.3524581e+01
   2.5915620e+01
   2.7061076e+01
   2.6099983e+01
   2.2750995e+01
   1.8380149e+01
   1.2864010e+01
   5.6875163e+00
  -2.9912275e+00
  -1.2893276e+01
  -2.2504768e+01
  -3.2519733e+01
  -4.4241775e+01
  -5.6480151e+01
  -6.5148367e+01
  -6.4904214e+01
  -5.1313537e+01
  -2.5047115e+01
   7.8603520e+00
   3.8453981e+01
   5.9059149e+01
   6.5702031e+01
   5.8215114e+01
   4.0724287e+01
   1.8598003e+01
  -1.5570770e+00
  -1.6344254e+01
  -2.5732602e+01
  -3.1101312e+01
  -3.3930472e+01
  -3.2140083e+01
  -2.5305522e+01
  -1.4583196e+01
  -2.2229540e+00
   8.6831500e+00
   1.4586235e+01
   1.3900445e+01
   6.6926729e+00
  -3.2913936e+00
  -1.1020780e+01
  -1.1449530e+01
  -4.1171942e+00
   8.9363150e+00
   2.1927080e+01
   3.0509896e+01
   2.9984282e+01
   1.7885263e+01
  -4.5209386e+00
  -3.2703535e+01
  -6.0763258e+01
  -8.3269328e+01
  -9.6112316e+01
  -9.7175270e+01
  -8.3101942e+01
  -5.5744366e+01
  -1.8747111e+01
   2.0623085e+01
   5.3313713e+01
   7.1969912e+01
   7.2714404e+01
   5.6438167e+01
   2.9614122e+01
   1.1197963e+00
  -2.1373405e+01
  -3.2927763e+01
  -3.1168173e+01
  -1.7128987e+01
   3.8374142e+00
   2.4039822e+01
   3.7911249e+01
   4.1366742e+01
   3.3419912e+01
   1.5676236e+01
  -5.4992606e+00
  -2.3412854e+01
  -3.2899970e+01
  -3.2568181e+01
  -2.3726310e+01
  -1.0126240e+01
   2.7374451e+00
   8.8512786e+00
   5.3649711e+00
  -5.5639109e+00
  -1.8146557e+01
  -2.6527677e+01
  -2.6152781e+01
  -1.5768166e+01
   1.6216346e+00
   1.9559435e+01
   3.2570697e+01
   3.8065824e+01
   3.4142461e+01
   2.1304797e+01
   2.9521930e+00
  -1.6898711e+01
  -3.3424479e+01
  -4.2189097e+01
  -4.0612343e+01
  -2.7918667e+01
  -5.3067168e+00
   2.2921662e+01
   5.1889567e+01
   7.5664255e+01
   8.9404197e+01
   9.1349539e+01
   8.2209244e+01
   6.3510588e+01
   3.8655320e+01
   1.1132489e+01
  -1.6027920e+01
  -3.9425292e+01
  -5.8196684e+01
  -7.1547051e+01
  -7.7721086e+01
  -7.5942112e+01
  -6.8053709e+01
  -5.6066026e+01
  -4.0518957e+01
  -2.1505392e+01
   4.2697137e-01
   2.2588302e+01
   4.1041201e+01
   5.2561710e+01
   5.7523856e+01
   5.5967891e+01
   4.9060510e+01
   3.8334937e+01
   2.3602312e+01
   7.5783587e+00
  -7.7109787e+00
  -1.9876699e+01
  -2.6713533e+01
  -2.7289573e+01
  -2.1806063e+01
  -1.2794837e+01
  -3.8867909e+00
   2.4261846e+00
   4.5389826e+00
   2.9639169e+00
   7.8786946e-01
  -3.8592931e-01
   1.9340704e+00
   8.3741864e+00
   1.9974648e+01
   3.5526646e+01
   5.2836457e+01
   6.8049113e+01
   7.6896235e+01
   7.5252997e+01
   6.0851288e+01
   3.4037660e+01
  -2.6044062e+00
  -4.6114665e+01
  -9.1085119e+01
  -1.3086025e+02
  -1.5663474e+02
  -1.6361596e+02
  -1.5095754e+02
  -1.2030258e+02
  -7.4824847e+01
  -2.1078882e+01
   3.1402492e+01
   7.4571500e+01
   1.0315340e+02
   1.1444215e+02
   1.0897372e+02
   9.0583597e+01
   6.4310495e+01
   3.6318280e+01
   1.2791797e+01
  -2.1088164e+00
  -8.3956618e+00
  -6.3806192e+00
   9.6113384e-01
   9.6013617e+00
   1.5922527e+01
   1.8120222e+01
   1.4989699e+01
   6.8318554e+00
  -3.4288390e+00
  -1.1836867e+01
  -1.4404325e+01
  -7.7090001e+00
   7.0402676e+00
   2.4867569e+01
   4.0334178e+01
   4.9466538e+01
   5.0072297e+01
   4.2583686e+01
   2.8472257e+01
   9.9292035e+00
  -9.8477061e+00
  -2.7712037e+01
  -4.0748493e+01
  -4.6665732e+01
  -4.5951943e+01
  -4.0112010e+01
  -2.9087853e+01
  -1.4561379e+01
  -2.6769764e-01
   1.1140107e+01
   1.8097730e+01
   1.9325775e+01
   1.7723666e+01
   1.6081208e+01
   1.7144711e+01
   2.1208772e+01
   2.5297405e+01
   2.5742184e+01
   1.9773319e+01
   7.8601185e+00
  -8.4017435e+00
  -2.6119057e+01
  -4.0808830e+01
  -4.8441094e+01
  -4.7445595e+01
  -3.9708380e+01
  -2.7041784e+01
  -1.0945277e+01
   7.4154921e+00
   2.6953117e+01
   4.6464669e+01
   6.4402289e+01
   7.7167110e+01
   8.0956493e+01
   7.4082939e+01
   5.8531070e+01
   3.8117710e+01
   1.5932056e+01
  -4.2253600e+00
  -1.8165416e+01
  -2.4479042e+01
  -2.4897651e+01
  -2.2737545e+01
  -2.0190785e+01
  -1.7411712e+01
  -1.3796938e+01
  -1.0318027e+01
  -7.7933478e+00
  -7.6974222e+00
  -8.2053258e+00
  -6.2608862e+00
  -2.6184189e-02
   1.0296919e+01
   2.1622300e+01
   3.0009317e+01
   3.0907383e+01
   2.3099393e+01
   8.0900693e+00
  -1.1648975e+01
  -3.3074638e+01
  -5.2779636e+01
  -6.7263758e+01
  -7.4162314e+01
  -7.2898080e+01
  -6.3533918e+01
  -4.8741683e+01
  -3.1501939e+01
  -1.2740277e+01
   6.8255055e+00
   2.4986910e+01
   3.7879412e+01
   4.2495663e+01
   3.8616790e+01
   2.6573050e+01
   9.8019691e+00
  -8.4876358e+00
  -2.6970604e+01
  -4.2442365e+01
  -5.0647803e+01
  -5.0884009e+01
  -4.4539585e+01
  -3.2405980e+01
  -1.7255916e+01
  -3.1475602e+00
   7.4040306e+00
   1.4608065e+01
   1.8164171e+01
   1.8597393e+01
   1.7456004e+01
   1.4321319e+01
   7.9848844e+00
   6.1462370e-01
  -6.3359345e+00
  -1.2830758e+01
  -1.8358871e+01
  -2.2481897e+01
  -2.6308712e+01
  -2.9809857e+01
  -3.2731013e+01
  -3.4805414e+01
  -3.3992705e+01
  -3.0853475e+01
  -2.5064394e+01
  -1.5804000e+01
  -1.6390964e+00
   1.5185684e+01
   3.0705365e+01
   3.9960970e+01
   4.1498360e+01
   3.7311189e+01
   3.0267812e+01
   2.2119042e+01
   1.2818964e+01
   2.6124701e+00
  -8.4759717e+00
  -2.0396130e+01
  -3.3190826e+01
  -4.6940138e+01
  -6.0161651e+01
  -7.0142375e+01
  -7.3841658e+01
  -6.8091544e+01
  -5.1112913e+01
  -2.3516592e+01
   1.1229575e+01
   4.7188295e+01
   7.8633813e+01
   1.0097826e+02
   1.0990398e+02
   1.0485009e+02
   8.5757974e+01
   5.5497013e+01
   1.9321066e+01
  -1.4967735e+01
  -4.1310021e+01
  -5.7537781e+01
  -6.3350188e+01
  -6.2860752e+01
  -6.0078301e+01
  -5.5978596e+01
  -5.0201528e+01
  -4.2497959e+01
  -3.1105994e+01
  -1.3451678e+01
   1.1175818e+01
   3.9736992e+01
   6.7132505e+01
   9.0180565e+01
   1.0570660e+02
   1.1118601e+02
   1.0545721e+02
   8.8063503e+01
   5.9605782e+01
   2.3637975e+01
  -1.5094202e+01
  -5.1351958e+01
  -7.9441674e+01
  -9.4372288e+01
  -9.4824005e+01
  -8.1435754e+01
  -5.7917597e+01
  -2.9201196e+01
   8.7850693e-01
   2.8575381e+01
   5.0558273e+01
   6.4984853e+01
   7.1103345e+01
   6.9134490e+01
   6.0790357e+01
   5.0094740e+01
   3.9883940e+01
   3.0250843e+01
   2.0516137e+01
   9.1780080e+00
  -5.7604810e+00
  -2.3021014e+01
  -4.1684043e+01
  -5.8939542e+01
  -7.1319440e+01
  -7.6727743e+01
  -7.4328207e+01
  -6.6222631e+01
  -5.4240963e+01
  -3.8620489e+01
  -2.1383705e+01
  -6.0872420e+00
   5.0598227e+00
   1.2152549e+01
   1.6942803e+01
   2.0719544e+01
   2.3315842e+01
   2.3991033e+01
   2.1869321e+01
   1.8929802e+01
   1.6230575e+01
   1.3139090e+01
   9.0672760e+00
   4.9746273e+00
   2.5506129e+00
   2.9174505e+00
   5.8920053e+00
   1.0839329e+01
   1.4969415e+01
   1.5524338e+01
   1.1599444e+01
   6.5644920e+00
   2.3735722e+00
   7.6366234e-02
  -2.8769813e+00
  -8.3222145e+00
  -1.7812586e+01
  -2.9597164e+01
  -4.0075511e+01
  -4.7866886e+01
  -5.2483492e+01
  -5.1345728e+01
  -4.3260125e+01
  -2.8466517e+01
  -7.6402266e+00
   1.8073060e+01
   4.5099885e+01
   6.7939849e+01
   8.1699155e+01
   8.2854282e+01
   6.8769222e+01
   4.1243835e+01
   4.9151061e+00
  -3.2963409e+01
  -6.4432525e+01
  -8.2554052e+01
  -8.3714084e+01
  -6.9126205e+01
  -4.5126937e+01
  -1.9973002e+01
  -9.6589439e-01
   8.5515971e+00
   9.5274527e+00
   4.5580092e+00
  -4.0293419e+00
  -1.3817118e+01
  -2.1864062e+01
  -2.5336485e+01
  -2.2728776e+01
  -1.4790644e+01
  -3.3243566e+00
   8.5664895e+00
   1.8048712e+01
   2.4584425e+01
   2.8607163e+01
   3.0785215e+01
   3.1207197e+01
   3.0584740e+01
   3.1092863e+01
   3.4558313e+01
   4.0717948e+01
   4.6957053e+01
   4.8984242e+01
   4.3167283e+01
   2.7590145e+01
   3.2444681e+00
  -2.5815885e+01
  -5.4738595e+01
  -7.8974619e+01
  -9.4610288e+01
  -9.9447750e+01
  -9.2759274e+01
  -7.5542271e+01
  -4.9001973e+01
  -1.5202118e+01
   2.1625184e+01
   5.7434530e+01
   8.6487780e+01
   1.0410390e+02
   1.0731407e+02
   9.7850965e+01
   8.0611976e+01
   5.9220784e+01
   3.6505979e+01
   1.3656542e+01
  -8.3674344e+00
  -2.8081981e+01
  -4.6315936e+01
  -6.4174329e+01
  -8.0226973e+01
  -9.0322725e+01
  -9.0394729e+01
  -7.7626230e+01
  -5.2631222e+01
  -1.7736585e+01
   2.2648431e+01
   6.2380006e+01
   9.3759337e+01
   1.1146804e+02
   1.1384305e+02
   1.0248883e+02
   8.2017454e+01
   5.6850780e+01
   3.1671080e+01
   9.0968975e+00
  -8.8064739e+00
  -2.3429881e+01
  -3.5659480e+01
  -4.6019945e+01
  -5.5613848e+01
  -6.3159944e+01
  -6.7123255e+01
  -6.3794816e+01
  -5.1739264e+01
  -3.0278835e+01
  -3.0108258e-01
   3.3593611e+01
   6.7983858e+01
   9.9574956e+01
   1.2361562e+02
   1.3465807e+02
   1.2783953e+02
   1.0367156e+02
   6.4989121e+01
   2.0116062e+01
  -2.2301622e+01
  -5.4013393e+01
  -6.8767822e+01
  -6.6629097e+01
  -5.1572874e+01
  -2.9526887e+01
  -7.5854667e+00
   6.2601847e+00
   7.0033904e+00
  -3.6758936e+00
  -2.2514260e+01
  -4.5180703e+01
  -6.5088007e+01
  -7.5898825e+01
  -7.3477325e+01
  -5.7511425e+01
  -3.0698454e+01
   2.5354689e+00
   3.5367234e+01
   6.2682582e+01
   8.0030200e+01
   8.4933995e+01
   7.7778977e+01
   6.0025486e+01
   3.6024938e+01
   1.1287302e+01
  -9.2687887e+00
  -2.3687199e+01
  -3.0795301e+01
  -3.1672778e+01
  -2.7581216e+01
  -2.2816134e+01
  -2.1162850e+01
  -2.3958743e+01
  -2.9530217e+01
  -3.4793318e+01
  -3.4488981e+01
  -2.3157244e+01
   3.4787646e-01
   3.3465062e+01
   6.9672099e+01
   1.0135207e+02
   1.1955635e+02
   1.1723218e+02
   9.3707223e+01
   5.4446889e+01
   7.6616916e+00
  -3.6810724e+01
  -7.0794835e+01
  -8.9662070e+01
  -9.2455691e+01
  -8.2065556e+01
  -6.5410272e+01
  -4.8876177e+01
  -3.6021064e+01
  -2.7317223e+01
  -2.0951800e+01
  -1.4570140e+01
  -6.5198579e+00
   5.3783900e+00
   2.1597651e+01
   3.9543648e+01
   5.4991997e+01
   6.4487293e+01
   6.4781036e+01
   5.3478976e+01
   3.0206814e+01
  -8.0588650e-01
  -3.2841669e+01
  -5.9038748e+01
  -7.3187222e+01
  -7.2209057e+01
  -5.7121779e+01
  -3.3975259e+01
  -9.4163864e+00
   1.0332709e+01
   2.1568749e+01
   2.6368040e+01
   2.6847260e+01
   2.6686599e+01
   2.9062473e+01
   3.3813311e+01
   4.0175502e+01
   4.7321361e+01
   5.3287573e+01
   5.6043639e+01
   5.2201222e+01
   4.1147457e+01
   2.3607466e+01
  -8.2914432e-01
  -2.9268957e+01
  -5.5908389e+01
  -7.3080075e+01
  -7.7537910e+01
  -7.1016796e+01
  -5.6746049e+01
  -3.8792944e+01
  -2.0043640e+01
  -1.2184385e+00
   1.8048870e+01
   3.7935082e+01
   5.9133960e+01
   7.9303674e+01
   9.2736520e+01
   9.5238844e+01
   8.3941190e+01
   5.8920444e+01
   2.3963718e+01
  -1.4720294e+01
  -5.0362274e+01
  -7.8292435e+01
  -9.4967602e+01
  -1.0001939e+02
  -9.3283354e+01
  -7.5742731e+01
  -5.1923259e+01
  -2.5236870e+01
   2.0202247e+00
   2.6044403e+01
   4.2925004e+01
   5.0569163e+01
   4.8549166e+01
   3.8746359e+01
   2.4826551e+01
   1.1330530e+01
   2.2978636e-01
  -6.0068886e+00
  -7.4772090e+00
  -3.9971982e+00
   3.9539505e+00
   1.4444112e+01
   2.4754282e+01
   3.1118217e+01
   3.0418699e+01
   2.0057955e+01
   8.1790502e-02
  -2.7070160e+01
  -5.6015547e+01
  -7.9600915e+01
  -9.3058798e+01
  -9.3772382e+01
  -8.2947590e+01
  -6.3419167e+01
  -3.8608744e+01
  -1.2000918e+01
   1.4092034e+01
   3.7017519e+01
   5.4794676e+01
   6.5089643e+01
   6.4911128e+01
   5.3341287e+01
   2.9854940e+01
  -6.9323915e-01
  -3.0908157e+01
  -5.5555797e+01
  -7.0273661e+01
  -7.3285330e+01
  -6.3512392e+01
  -4.2881378e+01
  -1.4552323e+01
   1.6240945e+01
   4.3166942e+01
   6.0303508e+01
   6.2585969e+01
   4.8884525e+01
   2.2656668e+01
  -9.4771447e+00
  -3.8159247e+01
  -5.6353727e+01
  -6.0901008e+01
  -5.3356062e+01
  -3.7524405e+01
  -1.9271749e+01
  -4.8958796e+00
   2.9113072e+00
   3.6822862e+00
  -3.3124217e-01
  -7.0753865e+00
  -1.4585829e+01
  -2.2601099e+01
  -2.9224958e+01
  -3.4308183e+01
  -3.7268074e+01
  -3.9882496e+01
  -4.3310448e+01
  -4.5898360e+01
  -4.5137408e+01
  -3.7506397e+01
  -2.1225322e+01
   7.8146064e-01
   2.3729845e+01
   4.1465275e+01
   4.9176647e+01
   4.4886835e+01
   3.0110024e+01
   8.7460943e+00
  -1.3724619e+01
  -3.2077867e+01
  -4.2431577e+01
  -4.4021895e+01
  -4.0000594e+01
  -3.3062285e+01
  -2.5838439e+01
  -1.9668890e+01
  -1.4656838e+01
  -8.4580394e+00
   1.4764845e+00
   1.5673086e+01
   3.2059083e+01
   4.7531433e+01
   5.9042782e+01
   6.4150585e+01
   6.2575410e+01
   5.6065607e+01
   4.6848637e+01
   3.6995243e+01
   2.6743398e+01
   1.6845099e+01
   8.2965441e+00
   3.3258339e+00
   3.6690590e+00
   9.1654254e+00
   1.6495217e+01
   2.1467649e+01
   2.2991551e+01
   2.2291757e+01
   2.0785328e+01
   1.9414463e+01
   1.8067351e+01
   1.6311827e+01
   1.3820495e+01
   8.3367371e+00
  -2.3260987e-01
  -1.2438702e+01
  -2.8427557e+01
  -4.6280048e+01
  -6.2000221e+01
  -7.2939288e+01
  -7.8445384e+01
  -7.6063519e+01
  -6.3814921e+01
  -4.0340170e+01
  -7.6129231e+00
   2.9246656e+01
   6.3175966e+01
   8.7614898e+01
   9.8141048e+01
   9.4253592e+01
   7.8374184e+01
   5.4910643e+01
   2.8380088e+01
   2.2743118e+00
  -2.1088401e+01
  -4.0410108e+01
  -5.4222170e+01
  -6.1138135e+01
  -6.0643733e+01
  -5.3905536e+01
  -4.4697090e+01
  -3.5320326e+01
  -2.4854808e+01
  -1.4800821e+01
  -6.3722299e+00
   9.8263858e-01
   8.5172234e+00
   1.6579400e+01
   2.4977030e+01
   3.3107711e+01
   4.0429424e+01
   4.5626178e+01
   4.7029823e+01
   4.2835916e+01
   3.1834705e+01
   1.3282575e+01
  -1.0400930e+01
  -3.4591514e+01
  -5.3703973e+01
  -6.4793281e+01
  -6.6551062e+01
  -6.0090448e+01
  -4.7526680e+01
  -2.8871505e+01
  -5.6338797e+00
   1.9234894e+01
   4.3300419e+01
   6.4603542e+01
   8.0047516e+01
   8.8471535e+01
   9.0464625e+01
   8.5288572e+01
   7.2715974e+01
   5.3903195e+01
   3.0370440e+01
   4.3152472e+00
  -2.0699321e+01
  -4.2641192e+01
  -6.0035601e+01
  -7.1217390e+01
  -7.5912814e+01
  -7.2491883e+01
  -6.0046907e+01
  -3.8327694e+01
  -9.4436265e+00
   2.1119253e+01
   4.9482783e+01
   7.2245306e+01
   8.6616667e+01
   9.1944412e+01
   9.1134432e+01
   8.6422823e+01
   7.9116143e+01
   7.1292047e+01
   6.3343682e+01
   5.1800019e+01
   3.4175080e+01
   9.9317471e+00
  -1.9571324e+01
  -5.2874952e+01
  -8.5022726e+01
  -1.0849690e+02
  -1.1609452e+02
  -1.0571856e+02
  -7.9891959e+01
  -4.3009410e+01
  -1.9178577e+00
   3.5605407e+01
   6.0991679e+01
   6.8259354e+01
   5.5326075e+01
   2.5637155e+01
  -1.1933460e+01
  -4.5866308e+01
  -6.5201624e+01
  -6.4265238e+01
  -4.3226780e+01
  -8.1511986e+00
   2.8844327e+01
   5.5104193e+01
   6.1532321e+01
   4.6667303e+01
   1.6021477e+01
  -2.1622859e+01
  -5.5585670e+01
  -7.6113096e+01
  -7.8125378e+01
  -6.2042866e+01
  -3.2637552e+01
   1.3747390e+00
   3.2710739e+01
   5.7035906e+01
   7.2281186e+01
   7.6856125e+01
   7.1286653e+01
   5.8385013e+01
   4.2295254e+01
   2.6073339e+01
   1.2640890e+01
   2.6528473e+00
  -4.2869636e+00
  -8.4716452e+00
  -9.5515754e+00
  -8.7032729e+00
  -7.1573882e+00
  -6.2091076e+00
  -6.7879902e+00
  -7.4220191e+00
  -6.0403871e+00
   7.8304590e-01
   1.2928656e+01
   2.7430274e+01
   3.8690075e+01
   4.1504055e+01
   3.2946895e+01
   1.4138300e+01
  -1.0861089e+01
  -3.5867452e+01
  -5.6272671e+01
  -6.9438557e+01
  -7.4074260e+01
  -7.0192106e+01
  -5.9284692e+01
  -4.1919870e+01
  -2.0770005e+01
   4.8889444e-01
   1.7592340e+01
   2.7418453e+01
   2.8599199e+01
   2.2352417e+01
   1.0190815e+01
  -5.1389548e+00
  -1.9175441e+01
  -2.7263354e+01
  -2.8315715e+01
  -2.4055032e+01
  -1.7683983e+01
  -1.1954513e+01
  -9.4870596e+00
  -1.1029653e+01
  -1.6539238e+01
  -2.3086766e+01
  -2.7559187e+01
  -2.6652188e+01
  -2.0508818e+01
  -1.1382978e+01
  -2.5069002e+00
   4.0355570e+00
   7.6530319e+00
   1.0452151e+01
   1.3417339e+01
   1.7513171e+01
   2.2905371e+01
   2.8814027e+01
   3.4334949e+01
   3.7015140e+01
   3.4022248e+01
   2.3961793e+01
   8.2525818e+00
  -1.0884690e+01
  -3.0288217e+01
  -4.6336489e+01
  -5.5391950e+01
  -5.5989944e+01
  -4.6587706e+01
  -2.6700593e+01
  -2.6442399e-01
   2.7658157e+01
   5.1191471e+01
   6.5877132e+01
   6.9168931e+01
   6.1172357e+01
   4.3388707e+01
   2.0490907e+01
  -4.1094628e+00
  -2.6573754e+01
  -4.3627008e+01
  -5.1929757e+01
  -5.0342164e+01
  -3.9080678e+01
  -2.0959325e+01
  -1.0782020e+00
   1.6708261e+01
   2.9032808e+01
   3.4125565e+01
   3.2291856e+01
   2.5711319e+01
   1.7341345e+01
   9.4956897e+00
   2.9483789e+00
  -1.7575604e+00
  -3.3700538e+00
  -2.4047606e+00
  -2.1343709e-01
   2.6134844e+00
   5.4044068e+00
   7.6670710e+00
   8.3272335e+00
   7.0106267e+00
   4.4927290e+00
   6.7756683e-01
  -1.8263613e+00
  -2.3534987e+00
  -2.9738492e-01
   3.4099462e+00
   6.6102205e+00
   7.1471446e+00
   3.1406071e+00
  -5.5850873e+00
  -1.8060774e+01
  -3.0693718e+01
  -3.8311283e+01
  -3.6537246e+01
  -2.2663835e+01
   7.8469917e-01
   2.7332297e+01
   4.8805115e+01
   5.8604654e+01
   5.2915897e+01
   3.3114931e+01
   6.5804162e+00
  -1.7900477e+01
  -3.3554792e+01
  -3.8606257e+01
  -3.4925446e+01
  -2.3370746e+01
  -7.3599676e+00
   9.2583503e+00
   2.4056428e+01
   3.5283299e+01
   4.1265548e+01
   4.0629588e+01
   3.4549777e+01
   2.4334200e+01
   1.1445605e+01
  -2.4927250e+00
  -1.4011243e+01
  -1.9801652e+01
  -1.9568610e+01
  -1.5176232e+01
  -8.2203859e+00
   2.4395533e-01
   6.4241462e+00
   8.8840368e+00
   7.8369044e+00
   4.3954487e+00
   1.1095534e+00
  -1.9981433e+00
  -5.3744580e+00
  -1.0525366e+01
  -1.7323649e+01
  -2.4776406e+01
  -3.1165007e+01
  -3.5445718e+01
  -3.5662349e+01
  -3.2132981e+01
  -2.6295364e+01
  -1.9124231e+01
  -1.0538697e+01
  -6.6139945e-01
   1.0550597e+01
   2.1203073e+01
   2.7811804e+01
   2.6916674e+01
   1.7548544e+01
   2.4360811e+00
  -1.4777397e+01
  -3.0143743e+01
  -4.1059139e+01
  -4.6871864e+01
  -4.6503635e+01
  -4.1090490e+01
  -3.0546069e+01
  -1.6980686e+01
  -2.9875761e+00
   8.1622572e+00
   1.5409784e+01
   1.8710598e+01
   2.0484385e+01
   2.1256138e+01
   2.1235453e+01
   2.1156648e+01
   2.2655439e+01
   2.6116949e+01
   2.9436975e+01
   3.1443460e+01
   3.1808964e+01
   3.0201860e+01
   2.6244073e+01
   2.1907451e+01
   1.6867764e+01
   9.8831018e+00
   4.1601743e-01
  -1.1483610e+01
  -2.5378118e+01
  -4.0337014e+01
  -5.3005533e+01
  -6.0496126e+01
  -6.0596615e+01
  -5.1783534e+01
  -3.3876189e+01
  -9.8169116e+00
   1.4546574e+01
   3.3633631e+01
   4.3534426e+01
   4.4298355e+01
   3.7314723e+01
   2.5061679e+01
   1.0172331e+01
  -5.3275638e+00
  -2.0223311e+01
  -3.3344029e+01
  -4.4420169e+01
  -5.2135524e+01
  -5.4717781e+01
  -5.2551704e+01
  -4.4711747e+01
  -3.1553617e+01
  -1.3836130e+01
   6.7845930e+00
   2.6959176e+01
   4.3830739e+01
   5.6203408e+01
   6.3676105e+01
   6.5346065e+01
   6.0506447e+01
   5.1675061e+01
   4.2083446e+01
   3.3728742e+01
   2.5687488e+01
   1.7514918e+01
   7.8591208e+00
  -2.9053845e+00
  -1.3686103e+01
  -2.5059497e+01
  -3.5628874e+01
  -4.2746593e+01
  -4.3638754e+01
  -3.8539919e+01
  -2.9791715e+01
  -1.8742918e+01
  -6.2272251e+00
   6.2410223e+00
   1.6860675e+01
   2.4376385e+01
   2.8433399e+01
   2.8746481e+01
   2.4023100e+01
   1.3857195e+01
   1.2238204e+00
  -1.1417772e+01
  -2.2351866e+01
  -3.1775558e+01
  -3.9566045e+01
  -4.5811136e+01
  -4.9688339e+01
  -4.9843792e+01
  -4.5238855e+01
  -3.4954967e+01
  -1.9363210e+01
  -2.5221332e-02
   1.9620692e+01
   3.7088015e+01
   4.9972374e+01
   5.7293115e+01
   5.8424305e+01
   5.3448790e+01
   4.0905718e+01
   2.1209165e+01
  -4.0522675e+00
  -3.2965549e+01
  -6.1812980e+01
  -8.5319455e+01
  -9.9042230e+01
  -1.0117190e+02
  -9.0630333e+01
  -6.6704886e+01
  -3.0868538e+01
   1.1567903e+01
   5.4321431e+01
   8.9097301e+01
   1.0891132e+02
   1.1153360e+02
   9.7283714e+01
   6.9436972e+01
   3.4243036e+01
  -3.0814556e-01
  -2.7979404e+01
  -4.6105090e+01
  -5.4710480e+01
  -5.4305861e+01
  -4.6710773e+01
  -3.3438021e+01
  -1.7477359e+01
  -3.1827594e+00
   6.2273583e+00
   8.6055535e+00
   4.3726468e+00
  -3.9051840e+00
  -1.3620502e+01
  -2.2337366e+01
  -2.8989847e+01
  -3.2744865e+01
  -3.3686846e+01
  -3.1761541e+01
  -2.6076609e+01
  -1.6589897e+01
  -6.1461835e+00
   3.6258330e+00
   1.3304182e+01
   2.2089300e+01
   2.8832707e+01
   3.3051119e+01
   3.3872153e+01
   3.1150910e+01
   2.6450141e+01
   1.9262681e+01
   9.3819415e+00
  -3.1683897e+00
  -1.4933424e+01
  -2.2648546e+01
  -2.5012351e+01
  -2.1689906e+01
  -1.3390967e+01
  -1.4842385e+00
   1.3484719e+01
   3.0684131e+01
   4.9163269e+01
   6.5429348e+01
   7.4262156e+01
   7.0923118e+01
   5.2820082e+01
   2.2002302e+01
  -1.5329980e+01
  -5.1109487e+01
  -7.8743870e+01
  -9.3694693e+01
  -9.3115426e+01
  -7.6981736e+01
  -4.8946381e+01
  -1.4337195e+01
   1.9309784e+01
   4.3886942e+01
   5.4586559e+01
   4.9846726e+01
   3.2339360e+01
   8.6046692e+00
  -1.3573070e+01
  -2.7717105e+01
  -3.0473039e+01
  -2.2591836e+01
  -7.3353414e+00
   9.9961541e+00
   2.3661835e+01
   3.2167088e+01
   3.3865725e+01
   2.8241050e+01
   1.6335817e+01
   2.1207146e+00
  -9.9583909e+00
  -1.5623498e+01
  -1.3360022e+01
  -3.0651337e+00
   1.2990262e+01
   3.1660266e+01
   4.9258892e+01
   6.1971607e+01
   6.6463963e+01
   5.9671169e+01
   4.1652706e+01
   1.5532570e+01
  -1.3203422e+01
  -3.8781035e+01
  -5.6201021e+01
  -6.3131074e+01
  -5.8947601e+01
  -4.7260336e+01
  -3.0967166e+01
  -1.4329048e+01
  -1.4761149e+00
   5.9896947e+00
   1.0013610e+01
   1.4412691e+01
   2.1091368e+01
   3.1254005e+01
   4.4748605e+01
   5.9566620e+01
   7.2788895e+01
   8.2106293e+01
   8.4656072e+01
   7.7675727e+01
   5.9775962e+01
   3.0281498e+01
  -8.4885269e+00
  -5.1325446e+01
  -9.0566495e+01
  -1.1725949e+02
  -1.2455926e+02
  -1.1060946e+02
  -7.8089386e+01
  -3.3525814e+01
   1.3137144e+01
   5.3563744e+01
   8.0212234e+01
   9.0151298e+01
   8.2783240e+01
   6.0110739e+01
   2.8264410e+01
  -4.9748082e+00
  -3.2537187e+01
  -4.8304435e+01
  -5.0450052e+01
  -3.9919358e+01
  -1.9392109e+01
   6.7808787e+00
   3.1877772e+01
   4.9455514e+01
   5.6018312e+01
   5.2190241e+01
   4.1006578e+01
   2.7290935e+01
   1.5780997e+01
   8.7151747e+00
   6.3844039e+00
   7.3493372e+00
   9.6420478e+00
   1.2130825e+01
   1.3910126e+01
   1.6221242e+01
   2.0400131e+01
   2.6096968e+01
   3.2133673e+01
   3.8694241e+01
   4.4982688e+01
   4.9647501e+01
   5.1060271e+01
   4.7281207e+01
   3.6624867e+01
   1.8988271e+01
  -5.2422871e+00
  -3.2328474e+01
  -5.6613829e+01
  -7.3071314e+01
  -7.8693352e+01
  -7.1347628e+01
  -5.1482095e+01
  -2.1532041e+01
   1.2621449e+01
   4.3279132e+01
   6.4296470e+01
   7.1045782e+01
   6.3876606e+01
   4.6178276e+01
   2.3418230e+01
  -1.1823855e-01
  -1.9911192e+01
  -3.4095865e+01
  -4.3255665e+01
  -4.7644935e+01
  -4.7155971e+01
  -4.1211089e+01
  -3.0146583e+01
  -1.5141278e+01
   2.1446121e+00
   1.9639448e+01
   3.4749690e+01
   4.5410319e+01
   5.0446812e+01
   4.9930732e+01
   4.3511979e+01
   3.3103132e+01
   2.1534428e+01
   1.2149022e+01
   7.5092040e+00
   8.9514321e+00
   1.5006836e+01
   2.3001968e+01
   3.0011594e+01
   3.4331460e+01
   3.6038378e+01
   3.5912531e+01
   3.4591016e+01
   3.2002326e+01
   2.8066038e+01
   2.1667427e+01
   1.2883369e+01
   1.2977334e+00
  -1.2042796e+01
  -2.4968318e+01
  -3.5234384e+01
  -3.9960573e+01
  -3.7507809e+01
  -2.8043798e+01
  -1.3816069e+01
   1.9547692e-01
   9.3306188e+00
   9.8518533e+00
   1.5144880e+00
  -1.2271624e+01
  -2.5128538e+01
  -3.0526670e+01
  -2.5853111e+01
  -1.0972314e+01
   1.1113212e+01
   3.3809283e+01
   4.9071152e+01
   5.1053894e+01
   3.8740516e+01
   1.5908116e+01
  -9.7421009e+00
  -2.9675204e+01
  -3.8507398e+01
  -3.4077596e+01
  -1.8792235e+01
   2.4650203e+00
   2.1897761e+01
   3.3759542e+01
   3.2873138e+01
   1.8395487e+01
  -4.8519500e+00
  -3.0927804e+01
  -5.4572807e+01
  -6.9552616e+01
  -7.1546892e+01
  -6.1362360e+01
  -4.0829683e+01
  -1.3865843e+01
   1.4420774e+01
   4.0033872e+01
   6.0911786e+01
   7.3307210e+01
   7.4767966e+01
   6.4395577e+01
   4.3760105e+01
   1.5632022e+01
  -1.7625363e+01
  -5.1881174e+01
  -7.9966360e+01
  -9.3630425e+01
  -8.7680587e+01
  -6.4198886e+01
  -3.1019963e+01
   1.5018821e+00
   2.2764797e+01
   2.7762564e+01
   1.7324694e+01
  -3.3792220e+00
  -2.5970745e+01
  -4.1183117e+01
  -4.3784034e+01
  -3.3722594e+01
  -1.5090141e+01
   5.9001933e+00
   2.2425017e+01
   3.0431684e+01
   2.7917232e+01
   1.7158703e+01
   4.2745793e+00
  -4.9498878e+00
  -6.9524460e+00
  -1.9556677e+00
   6.3210846e+00
   1.4283187e+01
   1.7690707e+01
   1.4361854e+01
   4.4506660e+00
  -1.0766227e+01
  -2.5952513e+01
  -3.6747227e+01
  -3.9433771e+01
  -2.9824787e+01
  -7.3353323e+00
   2.2867029e+01
   5.2116583e+01
   7.2246183e+01
   7.8470566e+01
   6.9156242e+01
   4.6909775e+01
   1.7439676e+01
  -1.4492347e+01
  -4.1934835e+01
  -5.9794423e+01
  -6.6083630e+01
  -5.9960736e+01
  -4.3513020e+01
  -2.1165029e+01
   2.2825617e+00
   2.1367305e+01
   3.2481634e+01
   3.4871611e+01
   3.0077290e+01
   2.1748299e+01
   1.3710398e+01
   9.1427159e+00
   1.0191084e+01
   1.5146383e+01
   2.0189346e+01
   2.2299416e+01
   1.7979239e+01
   4.9298796e+00
  -1.4716204e+01
  -3.6672009e+01
  -5.5985875e+01
  -6.7275368e+01
  -6.5795752e+01
  -5.2236260e+01
  -2.9633616e+01
  -2.6138340e+00
   2.4866236e+01
   4.8158891e+01
   6.3916187e+01
   6.8668938e+01
   5.8965336e+01
   3.6474216e+01
   3.7365297e+00
  -3.4048494e+01
  -7.1608251e+01
  -1.0257353e+02
  -1.1968616e+02
  -1.1691951e+02
  -9.3625545e+01
  -5.3080178e+01
  -2.3708419e+00
   5.0316378e+01
   9.5664637e+01
   1.2383947e+02
   1.3089500e+02
   1.1766232e+02
   8.8278608e+01
   4.7939299e+01
   1.1841530e+00
  -4.6096331e+01
  -8.7920460e+01
  -1.1866659e+02
  -1.3372528e+02
  -1.3112821e+02
  -1.1219041e+02
  -7.9998560e+01
  -4.0647327e+01
   1.0908014e-01
   3.8673289e+01
   7.1634438e+01
   9.6971802e+01
   1.1223037e+02
   1.1623754e+02
   1.0846752e+02
   8.9752646e+01
   6.1915769e+01
   2.9089447e+01
  -4.3925609e+00
  -3.4407735e+01
  -5.6933603e+01
  -7.0839357e+01
  -7.6148719e+01
  -7.2219554e+01
  -5.9279874e+01
  -3.9817909e+01
  -1.6158640e+01
   1.0706750e+01
   4.0014506e+01
   7.0255572e+01
   9.7236849e+01
   1.1551722e+02
   1.2067961e+02
   1.1018001e+02
   8.4397229e+01
   4.7618872e+01
   5.1306968e+00
  -3.5888976e+01
  -6.8381845e+01
  -8.5766774e+01
  -8.4087112e+01
  -6.4517931e+01
  -3.1565725e+01
   6.7842956e+00
   4.0605540e+01
   5.9635701e+01
   5.8050994e+01
   3.6753210e+01
   1.4580126e+00
  -3.7013485e+01
  -6.8770765e+01
  -8.4435673e+01
  -7.8338136e+01
  -5.2009814e+01
  -1.1716800e+01
   3.3393428e+01
   7.2217077e+01
   9.5415378e+01
   9.8931164e+01
   8.2871890e+01
   5.0332987e+01
   7.9348019e+00
  -3.7268845e+01
  -7.7651638e+01
  -1.0705013e+02
  -1.2221566e+02
  -1.2068846e+02
  -1.0345269e+02
  -7.4028984e+01
  -3.7755228e+01
  -9.2941862e-01
   3.1333453e+01
   5.4591686e+01
   6.7913553e+01
   7.0655084e+01
   6.4522796e+01
   5.1784318e+01
   3.4892392e+01
   1.6144792e+01
  -1.7576082e+00
  -1.7730261e+01
  -3.1534032e+01
  -4.3274862e+01
  -5.3573335e+01
  -6.2065152e+01
  -6.8598992e+01
  -7.0520644e+01
  -6.4635469e+01
  -4.9282572e+01
  -2.4953742e+01
   6.7681857e+00
   4.2178916e+01
   7.5937059e+01
   1.0100212e+02
   1.1152500e+02
   1.0483690e+02
   8.2119097e+01
   4.9065374e+01
   1.2281751e+01
  -2.1040766e+01
  -4.6233581e+01
  -6.1166297e+01
  -6.3930640e+01
  -5.5946916e+01
  -4.1196831e+01
  -2.4473119e+01
  -1.1079166e+01
  -4.5397884e+00
  -4.8951641e+00
  -9.5049788e+00
  -1.2496358e+01
  -9.1766952e+00
   2.5257205e+00
   2.1969786e+01
   4.3909956e+01
   6.2924211e+01
   7.2743459e+01
   6.9175058e+01
   5.0945943e+01
   2.0948150e+01
  -1.4609016e+01
  -4.8581150e+01
  -7.2537044e+01
  -8.0114489e+01
  -6.9236241e+01
  -4.2942913e+01
  -7.8056988e+00
   2.7489724e+01
   5.4559417e+01
   6.7730429e+01
   6.4439425e+01
   4.4934954e+01
   1.3970287e+01
  -2.3671434e+01
  -6.1054787e+01
